727
605
1287
1893
1551
907
1153
619
963
1285
1995
641
1065
789
3877
1553
589
497
3759
609
4857
1745
1731
657
2649
1133
735
303
2933
347
1843
865
5201
4231
605
1801
1141
1701
1869
725
1249
987
611
387
855
3363
327
1211
177
231
215
3547
1037
825
185
249
845
177
383
139
745
1405
303
1963
217
765
265
243
181
195
181
129
361
199
289
107
397
133
335
251
127
155
85
113
1481
429
141
841
151
413
1245
75
119
287
167
169
161
107
141
445
183
143
139
83
115
91
169
111
107
77
93
193
83
111
295
111
89
93
149
227
143
81
449
97
237
153
167
117
107
85
177
113
99
171
155
201
229
131
363
85
121
97
157
115
97
77
613
95
103
193
121
79
137
143
181
83
103
81
123
117
493
95
1081
105
97
115
103
113
87
105
117
99
131
89
53
121
77
119
97
97
93
123
77
333
85
99
149
111
101
97
119
183
99
133
87
283
99
81
111
145
131
101
125
139
101
109
97
99
127
83
119
123
113
87
77
117
135
125
123
113
119
131
107
87
141
119
109
111
115
109
123
117
127
83
97
87
97
105
141
131
97
77
63
109
223
141
139
87
95
125
81
69
77
119
127
89
91
99
213
139
105
135
105
69
251
97
111
93
149
95
119
85
91
229
129
115
119
79
91
113
157
69
59
145
157
77
89
99
117
131
177
165
151
109
225
65
97
77
127
103
95
103
109
89
63
101
99
113
121
133
121
101
135
139
137
185
89
93
197
63
121
73
117
99
173
83
89
147
91
117
81
115
233
59
107
99
77
89
149
113
123
103
99
101
79
75
131
137
155
133
141
129
111
109
83
89
49
101
75
97
115
131
85
131
139
99
123
71
119
95
107
87
193
105
105
89
169
127
73
97
101
123
93
95
73
73
147
131
115
117
99
99
117
111
133
85
83
137
93
89
155
143
93
145
105
143
71
117
89
69
209
141
139
115
61
67
139
129
167
111
95
89
95
135
147
207
93
207
119
73
115
99
93
119
141
69
97
103
161
93
171
83
75
101
77
97
279
87
59
91
121
127
77
133
97
103
111
85
113
173
85
117
107
139
83
91
81
59
113
115
115
119
117
91
79
89
99
147
103
131
143
133
111
95
87
59
117
129
97
119
101
169
69
137
131
91
89
113
93
127
245
117
83
65
181
117
103
141
117
83
133
153
151
83
111
157
103
137
121
123
123
125
85
125
99
111
103
131
133
121
97
113
73
103
111
75
65
109
137
107
127
71
139
117
75
115
73
129
205
105
121
95
75
99
115
111
79
79
147
109
119
99
107
83
101
143
211
177
63
97
201
91
115
121
69
93
119
69
95
79
133
73
93
193
71
115
117
157
245
77
95
113
93
87
93
73
147
91
77
187
93
123
135
105
61
89
153
81
181
131
113
63
83
167
59
105
135
127
127
87
95
89
125
79
137
101
101
91
131
129
121
77
139
95
103
79
97
101
95
89
157
89
123
165
95
83
73
107
55
143
99
125
131
89
153
75
101
61
87
113
101
103
73
83
103
63
125
111
187
117
123
137
121
111
197
133
147
123
75
107
489
1645
413
519
205
365
221
277
283
359
303
211
157
549
351
225
471
355
395
221
581
207
151
281
183
175
265
207
303
375
179
501
381
691
743
209
571
157
425
249
151
305
325
375
205
271
207
275
227
453
239
179
169
267
337
273
711
233
219
415
333
435
363
427
165
255
315
401
213
465
649
633
217
135
201
319
191
159
221
211
451
263
243
153
497
361
385
1035
453
283
131
195
123
883
601
99
297
379
101
191
195
311
231
169
253
349
361
253
201
337
291
113
113
333
151
543
309
139
409
237
395
141
439
297
141
361
299
193
207
229
345
343
363
215
275
349
437
307
179
167
353
119
297
149
655
195
247
153
177
277
111
141
187
281
271
629
285
323
851
157
193
345
269
363
351
175
173
467
443
175
195
743
259
171
323
251
361
295
347
453
201
295
273
225
183
597
275
185
279
231
401
287
619
287
327
195
299
355
347
709
129
565
373
295
145
273
343
373
79
309
257
459
485
441
273
393
197
295
357
215
271
187
309
191
117
271
259
201
291
213
325
423
289
315
399
719
217
303
209
195
129
473
353
157
281
197
423
389
269
123
275
149
121
305
579
577
287
171
341
153
243
449
395
259
141
453
133
355
87
215
301
163
275
307
317
195
605
639
289
231
103
185
339
253
401
161
243
253
273
253
363
155
225
477
131
227
293
265
149
157
333
475
111
473
255
295
291
205
213
251
259
191
187
155
349
319
983
341
203
551
417
263
357
655
137
401
253
287
281
309
387
149
295
295
173
249
563
233
279
419
225
185
249
253
485
299
273
293
409
613
241
153
113
393
237
185
373
311
463
575
309
221
255
253
217
193
181
117
561
579
263
203
193
233
491
283
75
187
375
153
411
395
237
275
207
307
293
239
359
353
179
175
207
627
367
247
167
241
381
349
345
265
953
225
143
223
327
457
125
231
353
195
299
505
231
409
249
1037
119
361
221
303
225
221
437
107
263
579
347
431
289
581
325
173
271
223
289
597
445
239
197
277
109
271
279
235
275
319
523
403
145
293
227
311
463
361
113
235
509
455
127
257
215
367
199
387
447
339
147
213
153
219
589
231
317
383
391
405
257
275
361
403
269
155
349
143
265
235
293
589
483
331
497
399
261
221
379
215
269
455
241
435
255
299
187
483
499
211
229
167
213
391
973
149
337
287
173
129
231
301
273
359
189
181
209
203
249
199
315
195
127
93
209
151
123
185
241
217
249
449
399
299
181
219
479
253
289
249
367
139
183
661
377
253
225
277
411
131
247
223
219
417
301
163
407
215
149
307
395
207
129
105
181
197
215
617
273
271
291
211
377
463
223
485
313
483
249
601
277
215
411
283
329
403
107
229
445
175
463
179
283
153
101
155
355
245
203
201
131
363
509
231
177
99
333
285
469
427
289
243
211
525
245
793
221
529
269
319
149
487
161
377
147
173
273
281
221
461
457
351
391
257
353
183
207
395
103
237
457
171
289
433
309
319
255
453
233
465
595
271
99
113
111
135
73
67
103
109
97
79
101
105
107
91
105
153
85
83
83
117
61
211
123
113
109
95
117
135
119
115
91
115
91
89
85
105
87
87
101
91
67
95
101
127
107
91
133
81
89
87
125
155
93
127
97
107
75
119
61
143
85
109
135
151
71
81
143
75
85
111
61
73
127
83
105
71
77
79
73
103
159
219
93
101
121
79
73
75
69
107
95
119
91
69
189
125
105
91
61
77
115
129
125
115
93
103
179
91
105
87
123
85
81
85
83
125
91
103
71
97
65
123
159
105
79
121
115
71
141
65
103
97
177
127
109
167
113
63
75
119
97
75
83
105
119
123
205
149
79
47
77
65
63
89
111
113
115
159
71
67
131
97
179
87
73
81
111
97
97
129
69
171
195
95
67
205
83
85
107
165
87
151
161
115
147
93
71
143
165
103
85
163
109
131
107
99
113
115
89
73
107
105
67
105
143
287
85
99
65
123
139
113
65
143
83
87
65
61
171
103
121
115
71
109
93
117
101
83
89
89
97
91
83
93
91
59
129
119
89
151
121
99
193
101
65
71
85
99
153
91
121
147
83
127
111
197
95
107
157
157
97
119
91
109
49
121
73
127
123
99
113
101
103
167
119
139
121
91
131
137
173
135
63
239
93
73
105
101
99
87
83
99
147
69
109
113
121
129
91
145
93
87
93
139
73
123
91
97
101
113
63
81
159
117
113
149
117
101
101
89
83
135
101
127
73
129
117
123
99
163
115
131
131
113
113
149
115
101
119
97
171
89
79
157
217
209
85
91
101
75
141
99
131
79
159
125
89
79
121
69
99
79
107
105
53
153
193
139
91
85
79
115
115
159
55
163
117
89
75
101
101
131
121
111
205
67
151
99
139
73
85
133
129
105
85
115
79
61
113
89
81
95
125
143
161
85
91
109
109
83
101
85
103
139
89
163
87
63
127
89
79
107
103
111
131
231
115
115
73
123
95
75
97
107
103
85
139
105
71
131
133
79
79
125
53
113
75
93
87
99
79
99
125
111
95
93
127
117
85
141
157
101
137
97
93
139
203
85
77
73
313
209
125
65
81
107
105
111
109
187
83
121
135
95
139
229
99
149
89
115
91
81
201
113
83
117
109
109
95
83
117
127
65
79
75
81
121
61
213
169
113
111
105
95
103
83
105
99
109
105
67
111
111
99
119
63
79
81
113
87
111
133
103
111
161
79
67
131
81
175
169
153
95
75
111
221
59
81
159
157
127
129
143
87
87
145
119
117
251
87
81
111
107
287
93
67
113
123
85
155
145
135
161
101
145
71
159
93
57
69
131
77
133
109
107
229
115
141
75
81
111
179
77
63
163
115
79
181
135
105
161
57
199
77
89
81
57
139
83
97
107
93
81
109
93
123
97
127
77
123
117
87
79
135
101
75
107
105
115
93
105
133
95
111
165
91
93
129
129
97
103
127
155
75
113
81
91
101
111
87
115
85
87
151
103
103
193
111
135
161
